0.0 0.0 0.0 
-0.157079632679 0.157079632679 0.157079632679 
-0.314159265359 0.314159265359 0.314159265359 
-0.471238898038 0.471238898038 0.471238898038 
-0.628318530718 0.628318530718 0.628318530718 
-0.785398163397 0.785398163397 0.785398163397 
0.157079632679 -0.157079632679 0.157079632679 
0.0 0.0 0.314159265359 
-0.157079632679 0.157079632679 0.471238898038 
-0.314159265359 0.314159265359 0.628318530718 
-0.471238898038 0.471238898038 0.785398163397 
-0.628318530718 0.628318530718 0.942477796077 
0.785398163397 -0.785398163397 -0.471238898038 
0.628318530718 -0.628318530718 -0.314159265359 
0.471238898038 -0.471238898038 -0.157079632679 
0.314159265359 -0.314159265359 0.0 
0.314159265359 -0.314159265359 0.314159265359 
0.157079632679 -0.157079632679 0.471238898038 
0.0 0.0 0.628318530718 
-0.157079632679 0.157079632679 0.785398163397 
-0.314159265359 0.314159265359 0.942477796077 
-0.471238898038 0.471238898038 1.09955742876 
0.942477796077 -0.942477796077 -0.314159265359 
0.785398163397 -0.785398163397 -0.157079632679 
0.628318530718 -0.628318530718 0.0 
0.471238898038 -0.471238898038 0.157079632679 
0.471238898038 -0.471238898038 0.471238898038 
0.314159265359 -0.314159265359 0.628318530718 
0.157079632679 -0.157079632679 0.785398163397 
0.0 0.0 0.942477796077 
-0.157079632679 0.157079632679 1.09955742876 
-0.314159265359 0.314159265359 1.25663706144 
1.09955742876 -1.09955742876 -0.157079632679 
0.942477796077 -0.942477796077 0.0 
0.785398163397 -0.785398163397 0.157079632679 
0.628318530718 -0.628318530718 0.314159265359 
0.628318530718 -0.628318530718 0.628318530718 
0.471238898038 -0.471238898038 0.785398163397 
0.314159265359 -0.314159265359 0.942477796077 
0.157079632679 -0.157079632679 1.09955742876 
0.0 0.0 1.25663706144 
-0.157079632679 0.157079632679 1.41371669412 
1.25663706144 -1.25663706144 0.0 
1.09955742876 -1.09955742876 0.157079632679 
0.942477796077 -0.942477796077 0.314159265359 
0.785398163397 -0.785398163397 0.471238898038 
0.785398163397 -0.785398163397 0.785398163397 
0.628318530718 -0.628318530718 0.942477796077 
0.471238898038 -0.471238898038 1.09955742876 
0.314159265359 -0.314159265359 1.25663706144 
0.157079632679 -0.157079632679 1.41371669412 
0.0 0.0 1.57079632679 
0.157079632679 0.157079632679 -0.157079632679 
0.0 0.314159265359 0.0 
-0.157079632679 0.471238898038 0.157079632679 
-0.314159265359 0.628318530718 0.314159265359 
-0.471238898038 0.785398163397 0.471238898038 
-0.628318530718 0.942477796077 0.628318530718 
0.785398163397 -0.471238898038 -0.785398163397 
0.628318530718 -0.314159265359 -0.628318530718 
0.471238898038 -0.157079632679 -0.471238898038 
0.314159265359 0.0 -0.314159265359 
0.314159265359 0.0 0.0 
0.157079632679 0.157079632679 0.157079632679 
0.0 0.314159265359 0.314159265359 
-0.157079632679 0.471238898038 0.471238898038 
-0.314159265359 0.628318530718 0.628318530718 
-0.471238898038 0.785398163397 0.785398163397 
0.942477796077 -0.628318530718 -0.628318530718 
0.785398163397 -0.471238898038 -0.471238898038 
0.628318530718 -0.314159265359 -0.314159265359 
0.471238898038 -0.157079632679 -0.157079632679 
0.471238898038 -0.157079632679 0.157079632679 
0.314159265359 0.0 0.314159265359 
0.157079632679 0.157079632679 0.471238898038 
0.0 0.314159265359 0.628318530718 
-0.157079632679 0.471238898038 0.785398163397 
-0.314159265359 0.628318530718 0.942477796077 
1.09955742876 -0.785398163397 -0.471238898038 
0.942477796077 -0.628318530718 -0.314159265359 
0.785398163397 -0.471238898038 -0.157079632679 
0.628318530718 -0.314159265359 0.0 
0.628318530718 -0.314159265359 0.314159265359 
0.471238898038 -0.157079632679 0.471238898038 
0.314159265359 0.0 0.628318530718 
0.157079632679 0.157079632679 0.785398163397 
0.0 0.314159265359 0.942477796077 
-0.157079632679 0.471238898038 1.09955742876 
1.25663706144 -0.942477796077 -0.314159265359 
1.09955742876 -0.785398163397 -0.157079632679 
0.942477796077 -0.628318530718 0.0 
0.785398163397 -0.471238898038 0.157079632679 
0.785398163397 -0.471238898038 0.471238898038 
0.628318530718 -0.314159265359 0.628318530718 
0.471238898038 -0.157079632679 0.785398163397 
0.314159265359 0.0 0.942477796077 
0.157079632679 0.157079632679 1.09955742876 
0.0 0.314159265359 1.25663706144 
1.41371669412 -1.09955742876 -0.157079632679 
1.25663706144 -0.942477796077 0.0 
1.09955742876 -0.785398163397 0.157079632679 
0.942477796077 -0.628318530718 0.314159265359 
0.942477796077 -0.628318530718 0.628318530718 
0.785398163397 -0.471238898038 0.785398163397 
0.628318530718 -0.314159265359 0.942477796077 
0.471238898038 -0.157079632679 1.09955742876 
0.314159265359 0.0 1.25663706144 
0.157079632679 0.157079632679 1.41371669412 
1.57079632679 -1.25663706144 0.0 
1.41371669412 -1.09955742876 0.157079632679 
1.25663706144 -0.942477796077 0.314159265359 
1.09955742876 -0.785398163397 0.471238898038 
-0.471238898038 0.785398163397 -0.785398163397 
-0.628318530718 0.942477796077 -0.628318530718 
-0.785398163397 1.09955742876 -0.471238898038 
-0.942477796077 1.25663706144 -0.314159265359 
-1.09955742876 1.41371669412 -0.157079632679 
-1.25663706144 1.57079632679 0.0 
0.157079632679 0.157079632679 -1.41371669412 
0.0 0.314159265359 -1.25663706144 
-0.157079632679 0.471238898038 -1.09955742876 
-0.314159265359 0.628318530718 -0.942477796077 
-0.314159265359 0.628318530718 -0.628318530718 
-0.471238898038 0.785398163397 -0.471238898038 
-0.628318530718 0.942477796077 -0.314159265359 
-0.785398163397 1.09955742876 -0.157079632679 
-0.942477796077 1.25663706144 0.0 
-1.09955742876 1.41371669412 0.157079632679 
0.314159265359 0.0 -1.25663706144 
0.157079632679 0.157079632679 -1.09955742876 
0.0 0.314159265359 -0.942477796077 
-0.157079632679 0.471238898038 -0.785398163397 
-0.157079632679 0.471238898038 -0.471238898038 
-0.314159265359 0.628318530718 -0.314159265359 
-0.471238898038 0.785398163397 -0.157079632679 
-0.628318530718 0.942477796077 0.0 
-0.785398163397 1.09955742876 0.157079632679 
-0.942477796077 1.25663706144 0.314159265359 
0.471238898038 -0.157079632679 -1.09955742876 
0.314159265359 0.0 -0.942477796077 
0.157079632679 0.157079632679 -0.785398163397 
0.0 0.314159265359 -0.628318530718 
0.0 0.314159265359 -0.314159265359 
-0.157079632679 0.471238898038 -0.157079632679 
-0.314159265359 0.628318530718 0.0 
-0.471238898038 0.785398163397 0.157079632679 
-0.628318530718 0.942477796077 0.314159265359 
-0.785398163397 1.09955742876 0.471238898038 
0.628318530718 -0.314159265359 -0.942477796077 
0.471238898038 -0.157079632679 -0.785398163397 
0.314159265359 0.0 -0.628318530718 
0.157079632679 0.157079632679 -0.471238898038 
0.314159265359 0.314159265359 -0.314159265359 
0.157079632679 0.471238898038 -0.157079632679 
0.0 0.628318530718 0.0 
-0.157079632679 0.785398163397 0.157079632679 
-0.314159265359 0.942477796077 0.314159265359 
-0.471238898038 1.09955742876 0.471238898038 
0.942477796077 -0.314159265359 -0.942477796077 
0.785398163397 -0.157079632679 -0.785398163397 
0.628318530718 0.0 -0.628318530718 
0.471238898038 0.157079632679 -0.471238898038 
0.471238898038 0.157079632679 -0.157079632679 
0.314159265359 0.314159265359 0.0 
0.157079632679 0.471238898038 0.157079632679 
0.0 0.628318530718 0.314159265359 
-0.157079632679 0.785398163397 0.471238898038 
-0.314159265359 0.942477796077 0.628318530718 
1.09955742876 -0.471238898038 -0.785398163397 
0.942477796077 -0.314159265359 -0.628318530718 
0.785398163397 -0.157079632679 -0.471238898038 
0.628318530718 0.0 -0.314159265359 
0.628318530718 0.0 0.0 
0.471238898038 0.157079632679 0.157079632679 
0.314159265359 0.314159265359 0.314159265359 
0.157079632679 0.471238898038 0.471238898038 
0.0 0.628318530718 0.628318530718 
-0.157079632679 0.785398163397 0.785398163397 
1.25663706144 -0.628318530718 -0.628318530718 
1.09955742876 -0.471238898038 -0.471238898038 
0.942477796077 -0.314159265359 -0.314159265359 
0.785398163397 -0.157079632679 -0.157079632679 
0.785398163397 -0.157079632679 0.157079632679 
0.628318530718 0.0 0.314159265359 
0.471238898038 0.157079632679 0.471238898038 
0.314159265359 0.314159265359 0.628318530718 
0.157079632679 0.471238898038 0.785398163397 
0.0 0.628318530718 0.942477796077 
1.41371669412 -0.785398163397 -0.471238898038 
1.25663706144 -0.628318530718 -0.314159265359 
1.09955742876 -0.471238898038 -0.157079632679 
0.942477796077 -0.314159265359 0.0 
0.942477796077 -0.314159265359 0.314159265359 
0.785398163397 -0.157079632679 0.471238898038 
0.628318530718 0.0 0.628318530718 
0.471238898038 0.157079632679 0.785398163397 
0.314159265359 0.314159265359 0.942477796077 
0.157079632679 0.471238898038 1.09955742876 
1.57079632679 -0.942477796077 -0.314159265359 
1.41371669412 -0.785398163397 -0.157079632679 
1.25663706144 -0.628318530718 0.0 
1.09955742876 -0.471238898038 0.157079632679 
1.09955742876 -0.471238898038 0.471238898038 
0.942477796077 -0.314159265359 0.628318530718 
0.785398163397 -0.157079632679 0.785398163397 
0.628318530718 0.0 0.942477796077 
0.471238898038 0.157079632679 1.09955742876 
0.314159265359 0.314159265359 1.25663706144 
1.72787595947 -1.09955742876 -0.157079632679 
1.57079632679 -0.942477796077 0.0 
1.41371669412 -0.785398163397 0.157079632679 
1.25663706144 -0.628318530718 0.314159265359 
-0.314159265359 0.942477796077 -0.942477796077 
-0.471238898038 1.09955742876 -0.785398163397 
-0.628318530718 1.25663706144 -0.628318530718 
-0.785398163397 1.41371669412 -0.471238898038 
-0.942477796077 1.57079632679 -0.314159265359 
-1.09955742876 1.72787595947 -0.157079632679 
0.314159265359 0.314159265359 -1.57079632679 
0.157079632679 0.471238898038 -1.41371669412 
0.0 0.628318530718 -1.25663706144 
-0.157079632679 0.785398163397 -1.09955742876 
-0.157079632679 0.785398163397 -0.785398163397 
-0.314159265359 0.942477796077 -0.628318530718 
-0.471238898038 1.09955742876 -0.471238898038 
-0.628318530718 1.25663706144 -0.314159265359 
-0.785398163397 1.41371669412 -0.157079632679 
-0.942477796077 1.57079632679 0.0 
0.471238898038 0.157079632679 -1.41371669412 
0.314159265359 0.314159265359 -1.25663706144 
0.157079632679 0.471238898038 -1.09955742876 
0.0 0.628318530718 -0.942477796077 
0.0 0.628318530718 -0.628318530718 
-0.157079632679 0.785398163397 -0.471238898038 
-0.314159265359 0.942477796077 -0.314159265359 
-0.471238898038 1.09955742876 -0.157079632679 
-0.628318530718 1.25663706144 0.0 
-0.785398163397 1.41371669412 0.157079632679 
0.628318530718 0.0 -1.25663706144 
0.471238898038 0.157079632679 -1.09955742876 
0.314159265359 0.314159265359 -0.942477796077 
0.157079632679 0.471238898038 -0.785398163397 
0.157079632679 0.471238898038 -0.471238898038 
0.0 0.628318530718 -0.314159265359 
-0.157079632679 0.785398163397 -0.157079632679 
-0.314159265359 0.942477796077 0.0 
-0.471238898038 1.09955742876 0.157079632679 
-0.628318530718 1.25663706144 0.314159265359 
0.785398163397 -0.157079632679 -1.09955742876 
0.628318530718 0.0 -0.942477796077 
0.471238898038 0.157079632679 -0.785398163397 
0.314159265359 0.314159265359 -0.628318530718 
0.471238898038 0.471238898038 -0.471238898038 
0.314159265359 0.628318530718 -0.314159265359 
0.157079632679 0.785398163397 -0.157079632679 
0.0 0.942477796077 0.0 
-0.157079632679 1.09955742876 0.157079632679 
-0.314159265359 1.25663706144 0.314159265359 
1.09955742876 -0.157079632679 -1.09955742876 
0.942477796077 0.0 -0.942477796077 
0.785398163397 0.157079632679 -0.785398163397 
0.628318530718 0.314159265359 -0.628318530718 
0.628318530718 0.314159265359 -0.314159265359 
0.471238898038 0.471238898038 -0.157079632679 
0.314159265359 0.628318530718 0.0 
0.157079632679 0.785398163397 0.157079632679 
0.0 0.942477796077 0.314159265359 
-0.157079632679 1.09955742876 0.471238898038 
1.25663706144 -0.314159265359 -0.942477796077 
1.09955742876 -0.157079632679 -0.785398163397 
0.942477796077 0.0 -0.628318530718 
0.785398163397 0.157079632679 -0.471238898038 
0.785398163397 0.157079632679 -0.157079632679 
0.628318530718 0.314159265359 0.0 
0.471238898038 0.471238898038 0.157079632679 
0.314159265359 0.628318530718 0.314159265359 
0.157079632679 0.785398163397 0.471238898038 
0.0 0.942477796077 0.628318530718 
1.41371669412 -0.471238898038 -0.785398163397 
1.25663706144 -0.314159265359 -0.628318530718 
1.09955742876 -0.157079632679 -0.471238898038 
0.942477796077 0.0 -0.314159265359 
0.942477796077 0.0 0.0 
0.785398163397 0.157079632679 0.157079632679 
0.628318530718 0.314159265359 0.314159265359 
0.471238898038 0.471238898038 0.471238898038 
0.314159265359 0.628318530718 0.628318530718 
0.157079632679 0.785398163397 0.785398163397 
1.57079632679 -0.628318530718 -0.628318530718 
1.41371669412 -0.471238898038 -0.471238898038 
1.25663706144 -0.314159265359 -0.314159265359 
1.09955742876 -0.157079632679 -0.157079632679 
1.09955742876 -0.157079632679 0.157079632679 
0.942477796077 0.0 0.314159265359 
0.785398163397 0.157079632679 0.471238898038 
0.628318530718 0.314159265359 0.628318530718 
0.471238898038 0.471238898038 0.785398163397 
0.314159265359 0.628318530718 0.942477796077 
1.72787595947 -0.785398163397 -0.471238898038 
1.57079632679 -0.628318530718 -0.314159265359 
1.41371669412 -0.471238898038 -0.157079632679 
1.25663706144 -0.314159265359 0.0 
1.25663706144 -0.314159265359 0.314159265359 
1.09955742876 -0.157079632679 0.471238898038 
0.942477796077 0.0 0.628318530718 
0.785398163397 0.157079632679 0.785398163397 
0.628318530718 0.314159265359 0.942477796077 
0.471238898038 0.471238898038 1.09955742876 
1.88495559215 -0.942477796077 -0.314159265359 
1.72787595947 -0.785398163397 -0.157079632679 
1.57079632679 -0.628318530718 0.0 
1.41371669412 -0.471238898038 0.157079632679 
-0.157079632679 1.09955742876 -1.09955742876 
-0.314159265359 1.25663706144 -0.942477796077 
-0.471238898038 1.41371669412 -0.785398163397 
-0.628318530718 1.57079632679 -0.628318530718 
-0.785398163397 1.72787595947 -0.471238898038 
-0.942477796077 1.88495559215 -0.314159265359 
0.471238898038 0.471238898038 -1.72787595947 
0.314159265359 0.628318530718 -1.57079632679 
0.157079632679 0.785398163397 -1.41371669412 
0.0 0.942477796077 -1.25663706144 
0.0 0.942477796077 -0.942477796077 
-0.157079632679 1.09955742876 -0.785398163397 
-0.314159265359 1.25663706144 -0.628318530718 
-0.471238898038 1.41371669412 -0.471238898038 
-0.628318530718 1.57079632679 -0.314159265359 
-0.785398163397 1.72787595947 -0.157079632679 
0.628318530718 0.314159265359 -1.57079632679 
0.471238898038 0.471238898038 -1.41371669412 
0.314159265359 0.628318530718 -1.25663706144 
0.157079632679 0.785398163397 -1.09955742876 
0.157079632679 0.785398163397 -0.785398163397 
0.0 0.942477796077 -0.628318530718 
-0.157079632679 1.09955742876 -0.471238898038 
-0.314159265359 1.25663706144 -0.314159265359 
-0.471238898038 1.41371669412 -0.157079632679 
-0.628318530718 1.57079632679 0.0 
0.785398163397 0.157079632679 -1.41371669412 
0.628318530718 0.314159265359 -1.25663706144 
0.471238898038 0.471238898038 -1.09955742876 
0.314159265359 0.628318530718 -0.942477796077 
0.314159265359 0.628318530718 -0.628318530718 
0.157079632679 0.785398163397 -0.471238898038 
0.0 0.942477796077 -0.314159265359 
-0.157079632679 1.09955742876 -0.157079632679 
-0.314159265359 1.25663706144 0.0 
-0.471238898038 1.41371669412 0.157079632679 
0.942477796077 0.0 -1.25663706144 
0.785398163397 0.157079632679 -1.09955742876 
0.628318530718 0.314159265359 -0.942477796077 
0.471238898038 0.471238898038 -0.785398163397 
0.628318530718 0.628318530718 -0.628318530718 
0.471238898038 0.785398163397 -0.471238898038 
0.314159265359 0.942477796077 -0.314159265359 
0.157079632679 1.09955742876 -0.157079632679 
0.0 1.25663706144 0.0 
-0.157079632679 1.41371669412 0.157079632679 
1.25663706144 0.0 -1.25663706144 
1.09955742876 0.157079632679 -1.09955742876 
0.942477796077 0.314159265359 -0.942477796077 
0.785398163397 0.471238898038 -0.785398163397 
0.785398163397 0.471238898038 -0.471238898038 
0.628318530718 0.628318530718 -0.314159265359 
0.471238898038 0.785398163397 -0.157079632679 
0.314159265359 0.942477796077 0.0 
0.157079632679 1.09955742876 0.157079632679 
0.0 1.25663706144 0.314159265359 
1.41371669412 -0.157079632679 -1.09955742876 
1.25663706144 0.0 -0.942477796077 
1.09955742876 0.157079632679 -0.785398163397 
0.942477796077 0.314159265359 -0.628318530718 
0.942477796077 0.314159265359 -0.314159265359 
0.785398163397 0.471238898038 -0.157079632679 
0.628318530718 0.628318530718 0.0 
0.471238898038 0.785398163397 0.157079632679 
0.314159265359 0.942477796077 0.314159265359 
0.157079632679 1.09955742876 0.471238898038 
1.57079632679 -0.314159265359 -0.942477796077 
1.41371669412 -0.157079632679 -0.785398163397 
1.25663706144 0.0 -0.628318530718 
1.09955742876 0.157079632679 -0.471238898038 
1.09955742876 0.157079632679 -0.157079632679 
0.942477796077 0.314159265359 0.0 
0.785398163397 0.471238898038 0.157079632679 
0.628318530718 0.628318530718 0.314159265359 
0.471238898038 0.785398163397 0.471238898038 
0.314159265359 0.942477796077 0.628318530718 
1.72787595947 -0.471238898038 -0.785398163397 
1.57079632679 -0.314159265359 -0.628318530718 
1.41371669412 -0.157079632679 -0.471238898038 
1.25663706144 0.0 -0.314159265359 
1.25663706144 0.0 0.0 
1.09955742876 0.157079632679 0.157079632679 
0.942477796077 0.314159265359 0.314159265359 
0.785398163397 0.471238898038 0.471238898038 
0.628318530718 0.628318530718 0.628318530718 
0.471238898038 0.785398163397 0.785398163397 
1.88495559215 -0.628318530718 -0.628318530718 
1.72787595947 -0.471238898038 -0.471238898038 
1.57079632679 -0.314159265359 -0.314159265359 
1.41371669412 -0.157079632679 -0.157079632679 
1.41371669412 -0.157079632679 0.157079632679 
1.25663706144 0.0 0.314159265359 
1.09955742876 0.157079632679 0.471238898038 
0.942477796077 0.314159265359 0.628318530718 
0.785398163397 0.471238898038 0.785398163397 
0.628318530718 0.628318530718 0.942477796077 
2.04203522483 -0.785398163397 -0.471238898038 
1.88495559215 -0.628318530718 -0.314159265359 
1.72787595947 -0.471238898038 -0.157079632679 
1.57079632679 -0.314159265359 0.0 
0.0 1.25663706144 -1.25663706144 
-0.157079632679 1.41371669412 -1.09955742876 
-0.314159265359 1.57079632679 -0.942477796077 
-0.471238898038 1.72787595947 -0.785398163397 
-0.628318530718 1.88495559215 -0.628318530718 
-0.785398163397 2.04203522483 -0.471238898038 
0.628318530718 0.628318530718 -1.88495559215 
0.471238898038 0.785398163397 -1.72787595947 
0.314159265359 0.942477796077 -1.57079632679 
0.157079632679 1.09955742876 -1.41371669412 
0.157079632679 1.09955742876 -1.09955742876 
0.0 1.25663706144 -0.942477796077 
-0.157079632679 1.41371669412 -0.785398163397 
-0.314159265359 1.57079632679 -0.628318530718 
-0.471238898038 1.72787595947 -0.471238898038 
-0.628318530718 1.88495559215 -0.314159265359 
0.785398163397 0.471238898038 -1.72787595947 
0.628318530718 0.628318530718 -1.57079632679 
0.471238898038 0.785398163397 -1.41371669412 
0.314159265359 0.942477796077 -1.25663706144 
0.314159265359 0.942477796077 -0.942477796077 
0.157079632679 1.09955742876 -0.785398163397 
0.0 1.25663706144 -0.628318530718 
-0.157079632679 1.41371669412 -0.471238898038 
-0.314159265359 1.57079632679 -0.314159265359 
-0.471238898038 1.72787595947 -0.157079632679 
0.942477796077 0.314159265359 -1.57079632679 
0.785398163397 0.471238898038 -1.41371669412 
0.628318530718 0.628318530718 -1.25663706144 
0.471238898038 0.785398163397 -1.09955742876 
0.471238898038 0.785398163397 -0.785398163397 
0.314159265359 0.942477796077 -0.628318530718 
0.157079632679 1.09955742876 -0.471238898038 
0.0 1.25663706144 -0.314159265359 
-0.157079632679 1.41371669412 -0.157079632679 
-0.314159265359 1.57079632679 0.0 
1.09955742876 0.157079632679 -1.41371669412 
0.942477796077 0.314159265359 -1.25663706144 
0.785398163397 0.471238898038 -1.09955742876 
0.628318530718 0.628318530718 -0.942477796077 
0.785398163397 0.785398163397 -0.785398163397 
0.628318530718 0.942477796077 -0.628318530718 
0.471238898038 1.09955742876 -0.471238898038 
0.314159265359 1.25663706144 -0.314159265359 
0.157079632679 1.41371669412 -0.157079632679 
0.0 1.57079632679 0.0 
0.942477796077 0.628318530718 -0.628318530718 
0.785398163397 0.785398163397 -0.471238898038 
0.628318530718 0.942477796077 -0.314159265359 
0.471238898038 1.09955742876 -0.157079632679 
0.314159265359 1.25663706144 0.0 
0.157079632679 1.41371669412 0.157079632679 
1.57079632679 0.0 -1.25663706144 
1.41371669412 0.157079632679 -1.09955742876 
1.25663706144 0.314159265359 -0.942477796077 
1.09955742876 0.471238898038 -0.785398163397 
1.09955742876 0.471238898038 -0.471238898038 
0.942477796077 0.628318530718 -0.314159265359 
0.785398163397 0.785398163397 -0.157079632679 
0.628318530718 0.942477796077 0.0 
0.471238898038 1.09955742876 0.157079632679 
0.314159265359 1.25663706144 0.314159265359 
1.72787595947 -0.157079632679 -1.09955742876 
1.57079632679 0.0 -0.942477796077 
1.41371669412 0.157079632679 -0.785398163397 
1.25663706144 0.314159265359 -0.628318530718 
1.25663706144 0.314159265359 -0.314159265359 
1.09955742876 0.471238898038 -0.157079632679 
0.942477796077 0.628318530718 0.0 
0.785398163397 0.785398163397 0.157079632679 
0.628318530718 0.942477796077 0.314159265359 
0.471238898038 1.09955742876 0.471238898038 
1.88495559215 -0.314159265359 -0.942477796077 
1.72787595947 -0.157079632679 -0.785398163397 
1.57079632679 0.0 -0.628318530718 
1.41371669412 0.157079632679 -0.471238898038 
1.41371669412 0.157079632679 -0.157079632679 
1.25663706144 0.314159265359 0.0 
1.09955742876 0.471238898038 0.157079632679 
0.942477796077 0.628318530718 0.314159265359 
0.785398163397 0.785398163397 0.471238898038 
0.628318530718 0.942477796077 0.628318530718 
2.04203522483 -0.471238898038 -0.785398163397 
1.88495559215 -0.314159265359 -0.628318530718 
1.72787595947 -0.157079632679 -0.471238898038 
1.57079632679 0.0 -0.314159265359 
1.57079632679 0.0 0.0 
1.41371669412 0.157079632679 0.157079632679 
1.25663706144 0.314159265359 0.314159265359 
1.09955742876 0.471238898038 0.471238898038 
0.942477796077 0.628318530718 0.628318530718 
0.785398163397 0.785398163397 0.785398163397 
